/*--------------------------------*- C++ -*----------------------------------*\
  =========                 |
  \\      /  F ield         | OpenFOAM: The Open Source CFD Toolbox
   \\    /   O peration     | Website:  https://openfoam.org
    \\  /    A nd           | Version:  8
     \\/     M anipulation  |
\*---------------------------------------------------------------------------*/
FoamFile
{
    version     2.0;
    format      ascii;
    class       faceList;
    location    "constant/hydrogenArea/polyMesh";
    object      faces;
}
// * * * * * * * * * * * * * * * * * * * * * * * * * * * * * * * * * * * * * //


984
(
4(1 25 74 50)
3(49 50 74)
4(2 26 75 51)
4(50 51 75 74)
4(3 27 76 52)
4(51 52 76 75)
4(4 28 77 53)
4(52 53 77 76)
4(5 29 78 54)
4(53 54 78 77)
4(6 30 79 55)
4(54 55 79 78)
4(7 31 80 56)
4(55 56 80 79)
4(8 32 81 57)
4(56 57 81 80)
4(9 33 82 58)
4(57 58 82 81)
4(10 34 83 59)
4(58 59 83 82)
4(11 35 84 60)
4(59 60 84 83)
4(12 36 85 61)
4(60 61 85 84)
4(13 37 86 62)
4(61 62 86 85)
4(14 38 87 63)
4(62 63 87 86)
4(15 39 88 64)
4(63 64 88 87)
4(16 40 89 65)
4(64 65 89 88)
4(17 41 90 66)
4(65 66 90 89)
4(18 42 91 67)
4(66 67 91 90)
4(19 43 92 68)
4(67 68 92 91)
4(20 44 93 69)
4(68 69 93 92)
4(21 45 94 70)
4(69 70 94 93)
4(22 46 95 71)
4(70 71 95 94)
4(23 47 96 72)
4(71 72 96 95)
4(72 73 97 96)
4(50 74 123 99)
3(98 99 123)
4(51 75 124 100)
4(99 100 124 123)
4(52 76 125 101)
4(100 101 125 124)
4(53 77 126 102)
4(101 102 126 125)
4(54 78 127 103)
4(102 103 127 126)
4(55 79 128 104)
4(103 104 128 127)
4(56 80 129 105)
4(104 105 129 128)
4(57 81 130 106)
4(105 106 130 129)
4(58 82 131 107)
4(106 107 131 130)
4(59 83 132 108)
4(107 108 132 131)
4(60 84 133 109)
4(108 109 133 132)
4(61 85 134 110)
4(109 110 134 133)
4(62 86 135 111)
4(110 111 135 134)
4(63 87 136 112)
4(111 112 136 135)
4(64 88 137 113)
4(112 113 137 136)
4(65 89 138 114)
4(113 114 138 137)
4(66 90 139 115)
4(114 115 139 138)
4(67 91 140 116)
4(115 116 140 139)
4(68 92 141 117)
4(116 117 141 140)
4(69 93 142 118)
4(117 118 142 141)
4(70 94 143 119)
4(118 119 143 142)
4(71 95 144 120)
4(119 120 144 143)
4(72 96 145 121)
4(120 121 145 144)
4(121 122 146 145)
4(99 123 172 148)
3(147 148 172)
4(100 124 173 149)
4(148 149 173 172)
4(101 125 174 150)
4(149 150 174 173)
4(102 126 175 151)
4(150 151 175 174)
4(103 127 176 152)
4(151 152 176 175)
4(104 128 177 153)
4(152 153 177 176)
4(105 129 178 154)
4(153 154 178 177)
4(106 130 179 155)
4(154 155 179 178)
4(107 131 180 156)
4(155 156 180 179)
4(108 132 181 157)
4(156 157 181 180)
4(109 133 182 158)
4(157 158 182 181)
4(110 134 183 159)
4(158 159 183 182)
4(111 135 184 160)
4(159 160 184 183)
4(112 136 185 161)
4(160 161 185 184)
4(113 137 186 162)
4(161 162 186 185)
4(114 138 187 163)
4(162 163 187 186)
4(115 139 188 164)
4(163 164 188 187)
4(116 140 189 165)
4(164 165 189 188)
4(117 141 190 166)
4(165 166 190 189)
4(118 142 191 167)
4(166 167 191 190)
4(119 143 192 168)
4(167 168 192 191)
4(120 144 193 169)
4(168 169 193 192)
4(121 145 194 170)
4(169 170 194 193)
4(170 171 195 194)
4(148 172 221 197)
3(196 197 221)
4(149 173 222 198)
4(197 198 222 221)
4(150 174 223 199)
4(198 199 223 222)
4(151 175 224 200)
4(199 200 224 223)
4(152 176 225 201)
4(200 201 225 224)
4(153 177 226 202)
4(201 202 226 225)
4(154 178 227 203)
4(202 203 227 226)
4(155 179 228 204)
4(203 204 228 227)
4(156 180 229 205)
4(204 205 229 228)
4(157 181 230 206)
4(205 206 230 229)
4(158 182 231 207)
4(206 207 231 230)
4(159 183 232 208)
4(207 208 232 231)
4(160 184 233 209)
4(208 209 233 232)
4(161 185 234 210)
4(209 210 234 233)
4(162 186 235 211)
4(210 211 235 234)
4(163 187 236 212)
4(211 212 236 235)
4(164 188 237 213)
4(212 213 237 236)
4(165 189 238 214)
4(213 214 238 237)
4(166 190 239 215)
4(214 215 239 238)
4(167 191 240 216)
4(215 216 240 239)
4(168 192 241 217)
4(216 217 241 240)
4(169 193 242 218)
4(217 218 242 241)
4(170 194 243 219)
4(218 219 243 242)
4(219 220 244 243)
4(197 221 270 246)
3(245 246 270)
4(198 222 271 247)
4(246 247 271 270)
4(199 223 272 248)
4(247 248 272 271)
4(200 224 273 249)
4(248 249 273 272)
4(201 225 274 250)
4(249 250 274 273)
4(202 226 275 251)
4(250 251 275 274)
4(203 227 276 252)
4(251 252 276 275)
4(204 228 277 253)
4(252 253 277 276)
4(205 229 278 254)
4(253 254 278 277)
4(206 230 279 255)
4(254 255 279 278)
4(207 231 280 256)
4(255 256 280 279)
4(208 232 281 257)
4(256 257 281 280)
4(209 233 282 258)
4(257 258 282 281)
4(210 234 283 259)
4(258 259 283 282)
4(211 235 284 260)
4(259 260 284 283)
4(212 236 285 261)
4(260 261 285 284)
4(213 237 286 262)
4(261 262 286 285)
4(214 238 287 263)
4(262 263 287 286)
4(215 239 288 264)
4(263 264 288 287)
4(216 240 289 265)
4(264 265 289 288)
4(217 241 290 266)
4(265 266 290 289)
4(218 242 291 267)
4(266 267 291 290)
4(219 243 292 268)
4(267 268 292 291)
4(268 269 293 292)
4(246 270 319 295)
3(294 295 319)
4(247 271 320 296)
4(295 296 320 319)
4(248 272 321 297)
4(296 297 321 320)
4(249 273 322 298)
4(297 298 322 321)
4(250 274 323 299)
4(298 299 323 322)
4(251 275 324 300)
4(299 300 324 323)
4(252 276 325 301)
4(300 301 325 324)
4(253 277 326 302)
4(301 302 326 325)
4(254 278 327 303)
4(302 303 327 326)
4(255 279 328 304)
4(303 304 328 327)
4(256 280 329 305)
4(304 305 329 328)
4(257 281 330 306)
4(305 306 330 329)
4(258 282 331 307)
4(306 307 331 330)
4(259 283 332 308)
4(307 308 332 331)
4(260 284 333 309)
4(308 309 333 332)
4(261 285 334 310)
4(309 310 334 333)
4(262 286 335 311)
4(310 311 335 334)
4(263 287 336 312)
4(311 312 336 335)
4(264 288 337 313)
4(312 313 337 336)
4(265 289 338 314)
4(313 314 338 337)
4(266 290 339 315)
4(314 315 339 338)
4(267 291 340 316)
4(315 316 340 339)
4(268 292 341 317)
4(316 317 341 340)
4(317 318 342 341)
4(295 319 368 344)
3(343 344 368)
4(296 320 369 345)
4(344 345 369 368)
4(297 321 370 346)
4(345 346 370 369)
4(298 322 371 347)
4(346 347 371 370)
4(299 323 372 348)
4(347 348 372 371)
4(300 324 373 349)
4(348 349 373 372)
4(301 325 374 350)
4(349 350 374 373)
4(302 326 375 351)
4(350 351 375 374)
4(303 327 376 352)
4(351 352 376 375)
4(304 328 377 353)
4(352 353 377 376)
4(305 329 378 354)
4(353 354 378 377)
4(306 330 379 355)
4(354 355 379 378)
4(307 331 380 356)
4(355 356 380 379)
4(308 332 381 357)
4(356 357 381 380)
4(309 333 382 358)
4(357 358 382 381)
4(310 334 383 359)
4(358 359 383 382)
4(311 335 384 360)
4(359 360 384 383)
4(312 336 385 361)
4(360 361 385 384)
4(313 337 386 362)
4(361 362 386 385)
4(314 338 387 363)
4(362 363 387 386)
4(315 339 388 364)
4(363 364 388 387)
4(316 340 389 365)
4(364 365 389 388)
4(317 341 390 366)
4(365 366 390 389)
4(366 367 391 390)
4(344 368 417 393)
3(392 393 417)
4(345 369 418 394)
4(393 394 418 417)
4(346 370 419 395)
4(394 395 419 418)
4(347 371 420 396)
4(395 396 420 419)
4(348 372 421 397)
4(396 397 421 420)
4(349 373 422 398)
4(397 398 422 421)
4(350 374 423 399)
4(398 399 423 422)
4(351 375 424 400)
4(399 400 424 423)
4(352 376 425 401)
4(400 401 425 424)
4(353 377 426 402)
4(401 402 426 425)
4(354 378 427 403)
4(402 403 427 426)
4(355 379 428 404)
4(403 404 428 427)
4(356 380 429 405)
4(404 405 429 428)
4(357 381 430 406)
4(405 406 430 429)
4(358 382 431 407)
4(406 407 431 430)
4(359 383 432 408)
4(407 408 432 431)
4(360 384 433 409)
4(408 409 433 432)
4(361 385 434 410)
4(409 410 434 433)
4(362 386 435 411)
4(410 411 435 434)
4(363 387 436 412)
4(411 412 436 435)
4(364 388 437 413)
4(412 413 437 436)
4(365 389 438 414)
4(413 414 438 437)
4(366 390 439 415)
4(414 415 439 438)
4(415 416 440 439)
4(393 417 466 442)
3(441 442 466)
4(394 418 467 443)
4(442 443 467 466)
4(395 419 468 444)
4(443 444 468 467)
4(396 420 469 445)
4(444 445 469 468)
4(397 421 470 446)
4(445 446 470 469)
4(398 422 471 447)
4(446 447 471 470)
4(399 423 472 448)
4(447 448 472 471)
4(400 424 473 449)
4(448 449 473 472)
4(401 425 474 450)
4(449 450 474 473)
4(402 426 475 451)
4(450 451 475 474)
4(403 427 476 452)
4(451 452 476 475)
4(404 428 477 453)
4(452 453 477 476)
4(405 429 478 454)
4(453 454 478 477)
4(406 430 479 455)
4(454 455 479 478)
4(407 431 480 456)
4(455 456 480 479)
4(408 432 481 457)
4(456 457 481 480)
4(409 433 482 458)
4(457 458 482 481)
4(410 434 483 459)
4(458 459 483 482)
4(411 435 484 460)
4(459 460 484 483)
4(412 436 485 461)
4(460 461 485 484)
4(413 437 486 462)
4(461 462 486 485)
4(414 438 487 463)
4(462 463 487 486)
4(415 439 488 464)
4(463 464 488 487)
4(464 465 489 488)
4(442 466 515 491)
4(443 467 516 492)
4(444 468 517 493)
4(445 469 518 494)
4(446 470 519 495)
4(447 471 520 496)
4(448 472 521 497)
4(449 473 522 498)
4(450 474 523 499)
4(451 475 524 500)
4(452 476 525 501)
4(453 477 526 502)
4(454 478 527 503)
4(455 479 528 504)
4(456 480 529 505)
4(457 481 530 506)
4(458 482 531 507)
4(459 483 532 508)
4(460 484 533 509)
4(461 485 534 510)
4(462 486 535 511)
4(463 487 536 512)
4(464 488 537 513)
4(0 1 50 49)
4(49 50 99 98)
4(98 99 148 147)
4(147 148 197 196)
4(196 197 246 245)
4(245 246 295 294)
4(294 295 344 343)
4(343 344 393 392)
4(392 393 442 441)
4(441 442 491 490)
4(1 2 51 50)
4(50 51 100 99)
4(99 100 149 148)
4(148 149 198 197)
4(197 198 247 246)
4(246 247 296 295)
4(295 296 345 344)
4(344 345 394 393)
4(393 394 443 442)
4(442 443 492 491)
4(2 3 52 51)
4(51 52 101 100)
4(100 101 150 149)
4(149 150 199 198)
4(198 199 248 247)
4(247 248 297 296)
4(296 297 346 345)
4(345 346 395 394)
4(394 395 444 443)
4(443 444 493 492)
4(3 4 53 52)
4(52 53 102 101)
4(101 102 151 150)
4(150 151 200 199)
4(199 200 249 248)
4(248 249 298 297)
4(297 298 347 346)
4(346 347 396 395)
4(395 396 445 444)
4(444 445 494 493)
4(4 5 54 53)
4(53 54 103 102)
4(102 103 152 151)
4(151 152 201 200)
4(200 201 250 249)
4(249 250 299 298)
4(298 299 348 347)
4(347 348 397 396)
4(396 397 446 445)
4(445 446 495 494)
4(5 6 55 54)
4(54 55 104 103)
4(103 104 153 152)
4(152 153 202 201)
4(201 202 251 250)
4(250 251 300 299)
4(299 300 349 348)
4(348 349 398 397)
4(397 398 447 446)
4(446 447 496 495)
4(6 7 56 55)
4(55 56 105 104)
4(104 105 154 153)
4(153 154 203 202)
4(202 203 252 251)
4(251 252 301 300)
4(300 301 350 349)
4(349 350 399 398)
4(398 399 448 447)
4(447 448 497 496)
4(7 8 57 56)
4(56 57 106 105)
4(105 106 155 154)
4(154 155 204 203)
4(203 204 253 252)
4(252 253 302 301)
4(301 302 351 350)
4(350 351 400 399)
4(399 400 449 448)
4(448 449 498 497)
4(8 9 58 57)
4(57 58 107 106)
4(106 107 156 155)
4(155 156 205 204)
4(204 205 254 253)
4(253 254 303 302)
4(302 303 352 351)
4(351 352 401 400)
4(400 401 450 449)
4(449 450 499 498)
4(9 10 59 58)
4(58 59 108 107)
4(107 108 157 156)
4(156 157 206 205)
4(205 206 255 254)
4(254 255 304 303)
4(303 304 353 352)
4(352 353 402 401)
4(401 402 451 450)
4(450 451 500 499)
4(10 11 60 59)
4(59 60 109 108)
4(108 109 158 157)
4(157 158 207 206)
4(206 207 256 255)
4(255 256 305 304)
4(304 305 354 353)
4(353 354 403 402)
4(402 403 452 451)
4(451 452 501 500)
4(11 12 61 60)
4(60 61 110 109)
4(109 110 159 158)
4(158 159 208 207)
4(207 208 257 256)
4(256 257 306 305)
4(305 306 355 354)
4(354 355 404 403)
4(403 404 453 452)
4(452 453 502 501)
4(12 13 62 61)
4(61 62 111 110)
4(110 111 160 159)
4(159 160 209 208)
4(208 209 258 257)
4(257 258 307 306)
4(306 307 356 355)
4(355 356 405 404)
4(404 405 454 453)
4(453 454 503 502)
4(13 14 63 62)
4(62 63 112 111)
4(111 112 161 160)
4(160 161 210 209)
4(209 210 259 258)
4(258 259 308 307)
4(307 308 357 356)
4(356 357 406 405)
4(405 406 455 454)
4(454 455 504 503)
4(14 15 64 63)
4(63 64 113 112)
4(112 113 162 161)
4(161 162 211 210)
4(210 211 260 259)
4(259 260 309 308)
4(308 309 358 357)
4(357 358 407 406)
4(406 407 456 455)
4(455 456 505 504)
4(15 16 65 64)
4(64 65 114 113)
4(113 114 163 162)
4(162 163 212 211)
4(211 212 261 260)
4(260 261 310 309)
4(309 310 359 358)
4(358 359 408 407)
4(407 408 457 456)
4(456 457 506 505)
4(16 17 66 65)
4(65 66 115 114)
4(114 115 164 163)
4(163 164 213 212)
4(212 213 262 261)
4(261 262 311 310)
4(310 311 360 359)
4(359 360 409 408)
4(408 409 458 457)
4(457 458 507 506)
4(17 18 67 66)
4(66 67 116 115)
4(115 116 165 164)
4(164 165 214 213)
4(213 214 263 262)
4(262 263 312 311)
4(311 312 361 360)
4(360 361 410 409)
4(409 410 459 458)
4(458 459 508 507)
4(18 19 68 67)
4(67 68 117 116)
4(116 117 166 165)
4(165 166 215 214)
4(214 215 264 263)
4(263 264 313 312)
4(312 313 362 361)
4(361 362 411 410)
4(410 411 460 459)
4(459 460 509 508)
4(19 20 69 68)
4(68 69 118 117)
4(117 118 167 166)
4(166 167 216 215)
4(215 216 265 264)
4(264 265 314 313)
4(313 314 363 362)
4(362 363 412 411)
4(411 412 461 460)
4(460 461 510 509)
4(20 21 70 69)
4(69 70 119 118)
4(118 119 168 167)
4(167 168 217 216)
4(216 217 266 265)
4(265 266 315 314)
4(314 315 364 363)
4(363 364 413 412)
4(412 413 462 461)
4(461 462 511 510)
4(21 22 71 70)
4(70 71 120 119)
4(119 120 169 168)
4(168 169 218 217)
4(217 218 267 266)
4(266 267 316 315)
4(315 316 365 364)
4(364 365 414 413)
4(413 414 463 462)
4(462 463 512 511)
4(22 23 72 71)
4(71 72 121 120)
4(120 121 170 169)
4(169 170 219 218)
4(218 219 268 267)
4(267 268 317 316)
4(316 317 366 365)
4(365 366 415 414)
4(414 415 464 463)
4(463 464 513 512)
4(23 24 73 72)
4(72 73 122 121)
4(121 122 171 170)
4(170 171 220 219)
4(219 220 269 268)
4(268 269 318 317)
4(317 318 367 366)
4(366 367 416 415)
4(415 416 465 464)
4(464 465 514 513)
4(0 49 74 25)
4(49 98 123 74)
4(98 147 172 123)
4(147 196 221 172)
4(196 245 270 221)
4(245 294 319 270)
4(294 343 368 319)
4(343 392 417 368)
4(392 441 466 417)
4(441 490 515 466)
4(25 74 75 26)
4(74 123 124 75)
4(123 172 173 124)
4(172 221 222 173)
4(221 270 271 222)
4(270 319 320 271)
4(319 368 369 320)
4(368 417 418 369)
4(417 466 467 418)
4(466 515 516 467)
4(26 75 76 27)
4(75 124 125 76)
4(124 173 174 125)
4(173 222 223 174)
4(222 271 272 223)
4(271 320 321 272)
4(320 369 370 321)
4(369 418 419 370)
4(418 467 468 419)
4(467 516 517 468)
4(27 76 77 28)
4(76 125 126 77)
4(125 174 175 126)
4(174 223 224 175)
4(223 272 273 224)
4(272 321 322 273)
4(321 370 371 322)
4(370 419 420 371)
4(419 468 469 420)
4(468 517 518 469)
4(28 77 78 29)
4(77 126 127 78)
4(126 175 176 127)
4(175 224 225 176)
4(224 273 274 225)
4(273 322 323 274)
4(322 371 372 323)
4(371 420 421 372)
4(420 469 470 421)
4(469 518 519 470)
4(29 78 79 30)
4(78 127 128 79)
4(127 176 177 128)
4(176 225 226 177)
4(225 274 275 226)
4(274 323 324 275)
4(323 372 373 324)
4(372 421 422 373)
4(421 470 471 422)
4(470 519 520 471)
4(30 79 80 31)
4(79 128 129 80)
4(128 177 178 129)
4(177 226 227 178)
4(226 275 276 227)
4(275 324 325 276)
4(324 373 374 325)
4(373 422 423 374)
4(422 471 472 423)
4(471 520 521 472)
4(31 80 81 32)
4(80 129 130 81)
4(129 178 179 130)
4(178 227 228 179)
4(227 276 277 228)
4(276 325 326 277)
4(325 374 375 326)
4(374 423 424 375)
4(423 472 473 424)
4(472 521 522 473)
4(32 81 82 33)
4(81 130 131 82)
4(130 179 180 131)
4(179 228 229 180)
4(228 277 278 229)
4(277 326 327 278)
4(326 375 376 327)
4(375 424 425 376)
4(424 473 474 425)
4(473 522 523 474)
4(33 82 83 34)
4(82 131 132 83)
4(131 180 181 132)
4(180 229 230 181)
4(229 278 279 230)
4(278 327 328 279)
4(327 376 377 328)
4(376 425 426 377)
4(425 474 475 426)
4(474 523 524 475)
4(34 83 84 35)
4(83 132 133 84)
4(132 181 182 133)
4(181 230 231 182)
4(230 279 280 231)
4(279 328 329 280)
4(328 377 378 329)
4(377 426 427 378)
4(426 475 476 427)
4(475 524 525 476)
4(35 84 85 36)
4(84 133 134 85)
4(133 182 183 134)
4(182 231 232 183)
4(231 280 281 232)
4(280 329 330 281)
4(329 378 379 330)
4(378 427 428 379)
4(427 476 477 428)
4(476 525 526 477)
4(36 85 86 37)
4(85 134 135 86)
4(134 183 184 135)
4(183 232 233 184)
4(232 281 282 233)
4(281 330 331 282)
4(330 379 380 331)
4(379 428 429 380)
4(428 477 478 429)
4(477 526 527 478)
4(37 86 87 38)
4(86 135 136 87)
4(135 184 185 136)
4(184 233 234 185)
4(233 282 283 234)
4(282 331 332 283)
4(331 380 381 332)
4(380 429 430 381)
4(429 478 479 430)
4(478 527 528 479)
4(38 87 88 39)
4(87 136 137 88)
4(136 185 186 137)
4(185 234 235 186)
4(234 283 284 235)
4(283 332 333 284)
4(332 381 382 333)
4(381 430 431 382)
4(430 479 480 431)
4(479 528 529 480)
4(39 88 89 40)
4(88 137 138 89)
4(137 186 187 138)
4(186 235 236 187)
4(235 284 285 236)
4(284 333 334 285)
4(333 382 383 334)
4(382 431 432 383)
4(431 480 481 432)
4(480 529 530 481)
4(40 89 90 41)
4(89 138 139 90)
4(138 187 188 139)
4(187 236 237 188)
4(236 285 286 237)
4(285 334 335 286)
4(334 383 384 335)
4(383 432 433 384)
4(432 481 482 433)
4(481 530 531 482)
4(41 90 91 42)
4(90 139 140 91)
4(139 188 189 140)
4(188 237 238 189)
4(237 286 287 238)
4(286 335 336 287)
4(335 384 385 336)
4(384 433 434 385)
4(433 482 483 434)
4(482 531 532 483)
4(42 91 92 43)
4(91 140 141 92)
4(140 189 190 141)
4(189 238 239 190)
4(238 287 288 239)
4(287 336 337 288)
4(336 385 386 337)
4(385 434 435 386)
4(434 483 484 435)
4(483 532 533 484)
4(43 92 93 44)
4(92 141 142 93)
4(141 190 191 142)
4(190 239 240 191)
4(239 288 289 240)
4(288 337 338 289)
4(337 386 387 338)
4(386 435 436 387)
4(435 484 485 436)
4(484 533 534 485)
4(44 93 94 45)
4(93 142 143 94)
4(142 191 192 143)
4(191 240 241 192)
4(240 289 290 241)
4(289 338 339 290)
4(338 387 388 339)
4(387 436 437 388)
4(436 485 486 437)
4(485 534 535 486)
4(45 94 95 46)
4(94 143 144 95)
4(143 192 193 144)
4(192 241 242 193)
4(241 290 291 242)
4(290 339 340 291)
4(339 388 389 340)
4(388 437 438 389)
4(437 486 487 438)
4(486 535 536 487)
4(46 95 96 47)
4(95 144 145 96)
4(144 193 194 145)
4(193 242 243 194)
4(242 291 292 243)
4(291 340 341 292)
4(340 389 390 341)
4(389 438 439 390)
4(438 487 488 439)
4(487 536 537 488)
4(47 96 97 48)
4(96 145 146 97)
4(145 194 195 146)
4(194 243 244 195)
4(243 292 293 244)
4(292 341 342 293)
4(341 390 391 342)
4(390 439 440 391)
4(439 488 489 440)
4(488 537 538 489)
4(24 48 97 73)
4(73 97 146 122)
4(122 146 195 171)
4(171 195 244 220)
4(220 244 293 269)
4(269 293 342 318)
4(318 342 391 367)
4(367 391 440 416)
4(416 440 489 465)
4(465 489 538 514)
3(490 491 515)
4(491 492 516 515)
4(492 493 517 516)
4(493 494 518 517)
4(494 495 519 518)
4(495 496 520 519)
4(496 497 521 520)
4(497 498 522 521)
4(498 499 523 522)
4(499 500 524 523)
4(500 501 525 524)
4(501 502 526 525)
4(502 503 527 526)
4(503 504 528 527)
4(504 505 529 528)
4(505 506 530 529)
4(506 507 531 530)
4(507 508 532 531)
4(508 509 533 532)
4(509 510 534 533)
4(510 511 535 534)
4(511 512 536 535)
4(512 513 537 536)
4(513 514 538 537)
3(0 25 1)
4(1 25 26 2)
4(2 26 27 3)
4(3 27 28 4)
4(4 28 29 5)
4(5 29 30 6)
4(6 30 31 7)
4(7 31 32 8)
4(8 32 33 9)
4(9 33 34 10)
4(10 34 35 11)
4(11 35 36 12)
4(12 36 37 13)
4(13 37 38 14)
4(14 38 39 15)
4(15 39 40 16)
4(16 40 41 17)
4(17 41 42 18)
4(18 42 43 19)
4(19 43 44 20)
4(20 44 45 21)
4(21 45 46 22)
4(22 46 47 23)
4(23 47 48 24)
)


// ************************************************************************* //
