/*--------------------------------*- C++ -*----------------------------------*\
  =========                 |
  \\      /  F ield         | OpenFOAM: The Open Source CFD Toolbox
   \\    /   O peration     | Website:  https://openfoam.org
    \\  /    A nd           | Version:  8
     \\/     M anipulation  |
\*---------------------------------------------------------------------------*/
FoamFile
{
    version     2.0;
    format      ascii;
    class       labelList;
    note        "nPoints:539  nCells:240  nFaces:984  nInternalFaces:446";
    location    "constant/hydrogenArea/polyMesh";
    object      neighbour;
}
// * * * * * * * * * * * * * * * * * * * * * * * * * * * * * * * * * * * * * //


446
(
1
24
2
25
3
26
4
27
5
28
6
29
7
30
8
31
9
32
10
33
11
34
12
35
13
36
14
37
15
38
16
39
17
40
18
41
19
42
20
43
21
44
22
45
23
46
47
25
48
26
49
27
50
28
51
29
52
30
53
31
54
32
55
33
56
34
57
35
58
36
59
37
60
38
61
39
62
40
63
41
64
42
65
43
66
44
67
45
68
46
69
47
70
71
49
72
50
73
51
74
52
75
53
76
54
77
55
78
56
79
57
80
58
81
59
82
60
83
61
84
62
85
63
86
64
87
65
88
66
89
67
90
68
91
69
92
70
93
71
94
95
73
96
74
97
75
98
76
99
77
100
78
101
79
102
80
103
81
104
82
105
83
106
84
107
85
108
86
109
87
110
88
111
89
112
90
113
91
114
92
115
93
116
94
117
95
118
119
97
120
98
121
99
122
100
123
101
124
102
125
103
126
104
127
105
128
106
129
107
130
108
131
109
132
110
133
111
134
112
135
113
136
114
137
115
138
116
139
117
140
118
141
119
142
143
121
144
122
145
123
146
124
147
125
148
126
149
127
150
128
151
129
152
130
153
131
154
132
155
133
156
134
157
135
158
136
159
137
160
138
161
139
162
140
163
141
164
142
165
143
166
167
145
168
146
169
147
170
148
171
149
172
150
173
151
174
152
175
153
176
154
177
155
178
156
179
157
180
158
181
159
182
160
183
161
184
162
185
163
186
164
187
165
188
166
189
167
190
191
169
192
170
193
171
194
172
195
173
196
174
197
175
198
176
199
177
200
178
201
179
202
180
203
181
204
182
205
183
206
184
207
185
208
186
209
187
210
188
211
189
212
190
213
191
214
215
193
216
194
217
195
218
196
219
197
220
198
221
199
222
200
223
201
224
202
225
203
226
204
227
205
228
206
229
207
230
208
231
209
232
210
233
211
234
212
235
213
236
214
237
215
238
239
217
218
219
220
221
222
223
224
225
226
227
228
229
230
231
232
233
234
235
236
237
238
239
)


// ************************************************************************* //
