/*--------------------------------*- C++ -*----------------------------------*\
  =========                 |
  \\      /  F ield         | OpenFOAM: The Open Source CFD Toolbox
   \\    /   O peration     | Website:  https://openfoam.org
    \\  /    A nd           | Version:  8
     \\/     M anipulation  |
\*---------------------------------------------------------------------------*/
FoamFile
{
    version     2.0;
    format      ascii;
    class       labelList;
    note        "nPoints:539  nCells:240  nFaces:984  nInternalFaces:446";
    location    "constant/hydrogenArea/polyMesh";
    object      owner;
}
// * * * * * * * * * * * * * * * * * * * * * * * * * * * * * * * * * * * * * //


984
(
0
0
1
1
2
2
3
3
4
4
5
5
6
6
7
7
8
8
9
9
10
10
11
11
12
12
13
13
14
14
15
15
16
16
17
17
18
18
19
19
20
20
21
21
22
22
23
24
24
25
25
26
26
27
27
28
28
29
29
30
30
31
31
32
32
33
33
34
34
35
35
36
36
37
37
38
38
39
39
40
40
41
41
42
42
43
43
44
44
45
45
46
46
47
48
48
49
49
50
50
51
51
52
52
53
53
54
54
55
55
56
56
57
57
58
58
59
59
60
60
61
61
62
62
63
63
64
64
65
65
66
66
67
67
68
68
69
69
70
70
71
72
72
73
73
74
74
75
75
76
76
77
77
78
78
79
79
80
80
81
81
82
82
83
83
84
84
85
85
86
86
87
87
88
88
89
89
90
90
91
91
92
92
93
93
94
94
95
96
96
97
97
98
98
99
99
100
100
101
101
102
102
103
103
104
104
105
105
106
106
107
107
108
108
109
109
110
110
111
111
112
112
113
113
114
114
115
115
116
116
117
117
118
118
119
120
120
121
121
122
122
123
123
124
124
125
125
126
126
127
127
128
128
129
129
130
130
131
131
132
132
133
133
134
134
135
135
136
136
137
137
138
138
139
139
140
140
141
141
142
142
143
144
144
145
145
146
146
147
147
148
148
149
149
150
150
151
151
152
152
153
153
154
154
155
155
156
156
157
157
158
158
159
159
160
160
161
161
162
162
163
163
164
164
165
165
166
166
167
168
168
169
169
170
170
171
171
172
172
173
173
174
174
175
175
176
176
177
177
178
178
179
179
180
180
181
181
182
182
183
183
184
184
185
185
186
186
187
187
188
188
189
189
190
190
191
192
192
193
193
194
194
195
195
196
196
197
197
198
198
199
199
200
200
201
201
202
202
203
203
204
204
205
205
206
206
207
207
208
208
209
209
210
210
211
211
212
212
213
213
214
214
215
216
217
218
219
220
221
222
223
224
225
226
227
228
229
230
231
232
233
234
235
236
237
238
0
24
48
72
96
120
144
168
192
216
1
25
49
73
97
121
145
169
193
217
2
26
50
74
98
122
146
170
194
218
3
27
51
75
99
123
147
171
195
219
4
28
52
76
100
124
148
172
196
220
5
29
53
77
101
125
149
173
197
221
6
30
54
78
102
126
150
174
198
222
7
31
55
79
103
127
151
175
199
223
8
32
56
80
104
128
152
176
200
224
9
33
57
81
105
129
153
177
201
225
10
34
58
82
106
130
154
178
202
226
11
35
59
83
107
131
155
179
203
227
12
36
60
84
108
132
156
180
204
228
13
37
61
85
109
133
157
181
205
229
14
38
62
86
110
134
158
182
206
230
15
39
63
87
111
135
159
183
207
231
16
40
64
88
112
136
160
184
208
232
17
41
65
89
113
137
161
185
209
233
18
42
66
90
114
138
162
186
210
234
19
43
67
91
115
139
163
187
211
235
20
44
68
92
116
140
164
188
212
236
21
45
69
93
117
141
165
189
213
237
22
46
70
94
118
142
166
190
214
238
23
47
71
95
119
143
167
191
215
239
0
24
48
72
96
120
144
168
192
216
1
25
49
73
97
121
145
169
193
217
2
26
50
74
98
122
146
170
194
218
3
27
51
75
99
123
147
171
195
219
4
28
52
76
100
124
148
172
196
220
5
29
53
77
101
125
149
173
197
221
6
30
54
78
102
126
150
174
198
222
7
31
55
79
103
127
151
175
199
223
8
32
56
80
104
128
152
176
200
224
9
33
57
81
105
129
153
177
201
225
10
34
58
82
106
130
154
178
202
226
11
35
59
83
107
131
155
179
203
227
12
36
60
84
108
132
156
180
204
228
13
37
61
85
109
133
157
181
205
229
14
38
62
86
110
134
158
182
206
230
15
39
63
87
111
135
159
183
207
231
16
40
64
88
112
136
160
184
208
232
17
41
65
89
113
137
161
185
209
233
18
42
66
90
114
138
162
186
210
234
19
43
67
91
115
139
163
187
211
235
20
44
68
92
116
140
164
188
212
236
21
45
69
93
117
141
165
189
213
237
22
46
70
94
118
142
166
190
214
238
23
47
71
95
119
143
167
191
215
239
23
47
71
95
119
143
167
191
215
239
216
217
218
219
220
221
222
223
224
225
226
227
228
229
230
231
232
233
234
235
236
237
238
239
0
1
2
3
4
5
6
7
8
9
10
11
12
13
14
15
16
17
18
19
20
21
22
23
)


// ************************************************************************* //
