/*--------------------------------*- C++ -*----------------------------------*\
  =========                 |
  \\      /  F ield         | OpenFOAM: The Open Source CFD Toolbox
   \\    /   O peration     | Website:  https://openfoam.org
    \\  /    A nd           | Version:  8
     \\/     M anipulation  |
\*---------------------------------------------------------------------------*/
FoamFile
{
    version     2.0;
    format      ascii;
    class       vectorField;
    location    "constant/hydrogenArea/polyMesh";
    object      points;
}
// * * * * * * * * * * * * * * * * * * * * * * * * * * * * * * * * * * * * * //


539
(
(0 0 0.1)
(0.00096165 -2.88542e-05 0.1)
(0.0019233 -5.77083e-05 0.1)
(0.00288495 -8.65625e-05 0.1)
(0.0038466 -0.000115417 0.1)
(0.00480825 -0.000144271 0.1)
(0.0057699 -0.000173125 0.1)
(0.00673155 -0.000201979 0.1)
(0.0076932 -0.000230833 0.1)
(0.00865485 -0.000259687 0.1)
(0.0096165 -0.000288542 0.1)
(0.0105781 -0.000317396 0.1)
(0.0115398 -0.00034625 0.1)
(0.0125015 -0.000375104 0.1)
(0.0134631 -0.000403958 0.1)
(0.0144248 -0.000432812 0.1)
(0.0153864 -0.000461667 0.1)
(0.016348 -0.000490521 0.1)
(0.0173097 -0.000519375 0.1)
(0.0182713 -0.000548229 0.1)
(0.019233 -0.000577083 0.1)
(0.0201947 -0.000605938 0.1)
(0.0211563 -0.000634792 0.1)
(0.022118 -0.000663646 0.1)
(0.0230796 -0.0006925 0.1)
(0.00096165 2.88542e-05 0.1)
(0.0019233 5.77083e-05 0.1)
(0.00288495 8.65625e-05 0.1)
(0.0038466 0.000115417 0.1)
(0.00480825 0.000144271 0.1)
(0.0057699 0.000173125 0.1)
(0.00673155 0.000201979 0.1)
(0.0076932 0.000230833 0.1)
(0.00865485 0.000259687 0.1)
(0.0096165 0.000288542 0.1)
(0.0105781 0.000317396 0.1)
(0.0115398 0.00034625 0.1)
(0.0125015 0.000375104 0.1)
(0.0134631 0.000403958 0.1)
(0.0144248 0.000432812 0.1)
(0.0153864 0.000461667 0.1)
(0.016348 0.000490521 0.1)
(0.0173097 0.000519375 0.1)
(0.0182713 0.000548229 0.1)
(0.019233 0.000577083 0.1)
(0.0201947 0.000605938 0.1)
(0.0211563 0.000634792 0.1)
(0.022118 0.000663646 0.1)
(0.0230796 0.0006925 0.1)
(0 0 0.101)
(0.00096165 -2.88542e-05 0.101)
(0.0019233 -5.77083e-05 0.101)
(0.00288495 -8.65625e-05 0.101)
(0.0038466 -0.000115417 0.101)
(0.00480825 -0.000144271 0.101)
(0.0057699 -0.000173125 0.101)
(0.00673155 -0.000201979 0.101)
(0.0076932 -0.000230833 0.101)
(0.00865485 -0.000259687 0.101)
(0.0096165 -0.000288542 0.101)
(0.0105781 -0.000317396 0.101)
(0.0115398 -0.00034625 0.101)
(0.0125015 -0.000375104 0.101)
(0.0134631 -0.000403958 0.101)
(0.0144248 -0.000432812 0.101)
(0.0153864 -0.000461667 0.101)
(0.016348 -0.000490521 0.101)
(0.0173097 -0.000519375 0.101)
(0.0182713 -0.000548229 0.101)
(0.019233 -0.000577083 0.101)
(0.0201947 -0.000605938 0.101)
(0.0211563 -0.000634792 0.101)
(0.022118 -0.000663646 0.101)
(0.0230796 -0.0006925 0.101)
(0.00096165 2.88542e-05 0.101)
(0.0019233 5.77083e-05 0.101)
(0.00288495 8.65625e-05 0.101)
(0.0038466 0.000115417 0.101)
(0.00480825 0.000144271 0.101)
(0.0057699 0.000173125 0.101)
(0.00673155 0.000201979 0.101)
(0.0076932 0.000230833 0.101)
(0.00865485 0.000259687 0.101)
(0.0096165 0.000288542 0.101)
(0.0105781 0.000317396 0.101)
(0.0115398 0.00034625 0.101)
(0.0125015 0.000375104 0.101)
(0.0134631 0.000403958 0.101)
(0.0144248 0.000432812 0.101)
(0.0153864 0.000461667 0.101)
(0.016348 0.000490521 0.101)
(0.0173097 0.000519375 0.101)
(0.0182713 0.000548229 0.101)
(0.019233 0.000577083 0.101)
(0.0201947 0.000605938 0.101)
(0.0211563 0.000634792 0.101)
(0.022118 0.000663646 0.101)
(0.0230796 0.0006925 0.101)
(0 0 0.102)
(0.00096165 -2.88542e-05 0.102)
(0.0019233 -5.77083e-05 0.102)
(0.00288495 -8.65625e-05 0.102)
(0.0038466 -0.000115417 0.102)
(0.00480825 -0.000144271 0.102)
(0.0057699 -0.000173125 0.102)
(0.00673155 -0.000201979 0.102)
(0.0076932 -0.000230833 0.102)
(0.00865485 -0.000259687 0.102)
(0.0096165 -0.000288542 0.102)
(0.0105781 -0.000317396 0.102)
(0.0115398 -0.00034625 0.102)
(0.0125015 -0.000375104 0.102)
(0.0134631 -0.000403958 0.102)
(0.0144248 -0.000432812 0.102)
(0.0153864 -0.000461667 0.102)
(0.016348 -0.000490521 0.102)
(0.0173097 -0.000519375 0.102)
(0.0182713 -0.000548229 0.102)
(0.019233 -0.000577083 0.102)
(0.0201947 -0.000605938 0.102)
(0.0211563 -0.000634792 0.102)
(0.022118 -0.000663646 0.102)
(0.0230796 -0.0006925 0.102)
(0.00096165 2.88542e-05 0.102)
(0.0019233 5.77083e-05 0.102)
(0.00288495 8.65625e-05 0.102)
(0.0038466 0.000115417 0.102)
(0.00480825 0.000144271 0.102)
(0.0057699 0.000173125 0.102)
(0.00673155 0.000201979 0.102)
(0.0076932 0.000230833 0.102)
(0.00865485 0.000259687 0.102)
(0.0096165 0.000288542 0.102)
(0.0105781 0.000317396 0.102)
(0.0115398 0.00034625 0.102)
(0.0125015 0.000375104 0.102)
(0.0134631 0.000403958 0.102)
(0.0144248 0.000432812 0.102)
(0.0153864 0.000461667 0.102)
(0.016348 0.000490521 0.102)
(0.0173097 0.000519375 0.102)
(0.0182713 0.000548229 0.102)
(0.019233 0.000577083 0.102)
(0.0201947 0.000605938 0.102)
(0.0211563 0.000634792 0.102)
(0.022118 0.000663646 0.102)
(0.0230796 0.0006925 0.102)
(0 0 0.103)
(0.00096165 -2.88542e-05 0.103)
(0.0019233 -5.77083e-05 0.103)
(0.00288495 -8.65625e-05 0.103)
(0.0038466 -0.000115417 0.103)
(0.00480825 -0.000144271 0.103)
(0.0057699 -0.000173125 0.103)
(0.00673155 -0.000201979 0.103)
(0.0076932 -0.000230833 0.103)
(0.00865485 -0.000259687 0.103)
(0.0096165 -0.000288542 0.103)
(0.0105781 -0.000317396 0.103)
(0.0115398 -0.00034625 0.103)
(0.0125015 -0.000375104 0.103)
(0.0134631 -0.000403958 0.103)
(0.0144248 -0.000432812 0.103)
(0.0153864 -0.000461667 0.103)
(0.016348 -0.000490521 0.103)
(0.0173097 -0.000519375 0.103)
(0.0182713 -0.000548229 0.103)
(0.019233 -0.000577083 0.103)
(0.0201947 -0.000605938 0.103)
(0.0211563 -0.000634792 0.103)
(0.022118 -0.000663646 0.103)
(0.0230796 -0.0006925 0.103)
(0.00096165 2.88542e-05 0.103)
(0.0019233 5.77083e-05 0.103)
(0.00288495 8.65625e-05 0.103)
(0.0038466 0.000115417 0.103)
(0.00480825 0.000144271 0.103)
(0.0057699 0.000173125 0.103)
(0.00673155 0.000201979 0.103)
(0.0076932 0.000230833 0.103)
(0.00865485 0.000259687 0.103)
(0.0096165 0.000288542 0.103)
(0.0105781 0.000317396 0.103)
(0.0115398 0.00034625 0.103)
(0.0125015 0.000375104 0.103)
(0.0134631 0.000403958 0.103)
(0.0144248 0.000432812 0.103)
(0.0153864 0.000461667 0.103)
(0.016348 0.000490521 0.103)
(0.0173097 0.000519375 0.103)
(0.0182713 0.000548229 0.103)
(0.019233 0.000577083 0.103)
(0.0201947 0.000605938 0.103)
(0.0211563 0.000634792 0.103)
(0.022118 0.000663646 0.103)
(0.0230796 0.0006925 0.103)
(0 0 0.104)
(0.00096165 -2.88542e-05 0.104)
(0.0019233 -5.77083e-05 0.104)
(0.00288495 -8.65625e-05 0.104)
(0.0038466 -0.000115417 0.104)
(0.00480825 -0.000144271 0.104)
(0.0057699 -0.000173125 0.104)
(0.00673155 -0.000201979 0.104)
(0.0076932 -0.000230833 0.104)
(0.00865485 -0.000259687 0.104)
(0.0096165 -0.000288542 0.104)
(0.0105781 -0.000317396 0.104)
(0.0115398 -0.00034625 0.104)
(0.0125015 -0.000375104 0.104)
(0.0134631 -0.000403958 0.104)
(0.0144248 -0.000432812 0.104)
(0.0153864 -0.000461667 0.104)
(0.016348 -0.000490521 0.104)
(0.0173097 -0.000519375 0.104)
(0.0182713 -0.000548229 0.104)
(0.019233 -0.000577083 0.104)
(0.0201947 -0.000605938 0.104)
(0.0211563 -0.000634792 0.104)
(0.022118 -0.000663646 0.104)
(0.0230796 -0.0006925 0.104)
(0.00096165 2.88542e-05 0.104)
(0.0019233 5.77083e-05 0.104)
(0.00288495 8.65625e-05 0.104)
(0.0038466 0.000115417 0.104)
(0.00480825 0.000144271 0.104)
(0.0057699 0.000173125 0.104)
(0.00673155 0.000201979 0.104)
(0.0076932 0.000230833 0.104)
(0.00865485 0.000259687 0.104)
(0.0096165 0.000288542 0.104)
(0.0105781 0.000317396 0.104)
(0.0115398 0.00034625 0.104)
(0.0125015 0.000375104 0.104)
(0.0134631 0.000403958 0.104)
(0.0144248 0.000432812 0.104)
(0.0153864 0.000461667 0.104)
(0.016348 0.000490521 0.104)
(0.0173097 0.000519375 0.104)
(0.0182713 0.000548229 0.104)
(0.019233 0.000577083 0.104)
(0.0201947 0.000605938 0.104)
(0.0211563 0.000634792 0.104)
(0.022118 0.000663646 0.104)
(0.0230796 0.0006925 0.104)
(0 0 0.105)
(0.00096165 -2.88542e-05 0.105)
(0.0019233 -5.77083e-05 0.105)
(0.00288495 -8.65625e-05 0.105)
(0.0038466 -0.000115417 0.105)
(0.00480825 -0.000144271 0.105)
(0.0057699 -0.000173125 0.105)
(0.00673155 -0.000201979 0.105)
(0.0076932 -0.000230833 0.105)
(0.00865485 -0.000259687 0.105)
(0.0096165 -0.000288542 0.105)
(0.0105781 -0.000317396 0.105)
(0.0115398 -0.00034625 0.105)
(0.0125015 -0.000375104 0.105)
(0.0134631 -0.000403958 0.105)
(0.0144248 -0.000432812 0.105)
(0.0153864 -0.000461667 0.105)
(0.016348 -0.000490521 0.105)
(0.0173097 -0.000519375 0.105)
(0.0182713 -0.000548229 0.105)
(0.019233 -0.000577083 0.105)
(0.0201947 -0.000605938 0.105)
(0.0211563 -0.000634792 0.105)
(0.022118 -0.000663646 0.105)
(0.0230796 -0.0006925 0.105)
(0.00096165 2.88542e-05 0.105)
(0.0019233 5.77083e-05 0.105)
(0.00288495 8.65625e-05 0.105)
(0.0038466 0.000115417 0.105)
(0.00480825 0.000144271 0.105)
(0.0057699 0.000173125 0.105)
(0.00673155 0.000201979 0.105)
(0.0076932 0.000230833 0.105)
(0.00865485 0.000259687 0.105)
(0.0096165 0.000288542 0.105)
(0.0105781 0.000317396 0.105)
(0.0115398 0.00034625 0.105)
(0.0125015 0.000375104 0.105)
(0.0134631 0.000403958 0.105)
(0.0144248 0.000432812 0.105)
(0.0153864 0.000461667 0.105)
(0.016348 0.000490521 0.105)
(0.0173097 0.000519375 0.105)
(0.0182713 0.000548229 0.105)
(0.019233 0.000577083 0.105)
(0.0201947 0.000605938 0.105)
(0.0211563 0.000634792 0.105)
(0.022118 0.000663646 0.105)
(0.0230796 0.0006925 0.105)
(0 0 0.106)
(0.00096165 -2.88542e-05 0.106)
(0.0019233 -5.77083e-05 0.106)
(0.00288495 -8.65625e-05 0.106)
(0.0038466 -0.000115417 0.106)
(0.00480825 -0.000144271 0.106)
(0.0057699 -0.000173125 0.106)
(0.00673155 -0.000201979 0.106)
(0.0076932 -0.000230833 0.106)
(0.00865485 -0.000259687 0.106)
(0.0096165 -0.000288542 0.106)
(0.0105781 -0.000317396 0.106)
(0.0115398 -0.00034625 0.106)
(0.0125015 -0.000375104 0.106)
(0.0134631 -0.000403958 0.106)
(0.0144248 -0.000432812 0.106)
(0.0153864 -0.000461667 0.106)
(0.016348 -0.000490521 0.106)
(0.0173097 -0.000519375 0.106)
(0.0182713 -0.000548229 0.106)
(0.019233 -0.000577083 0.106)
(0.0201947 -0.000605938 0.106)
(0.0211563 -0.000634792 0.106)
(0.022118 -0.000663646 0.106)
(0.0230796 -0.0006925 0.106)
(0.00096165 2.88542e-05 0.106)
(0.0019233 5.77083e-05 0.106)
(0.00288495 8.65625e-05 0.106)
(0.0038466 0.000115417 0.106)
(0.00480825 0.000144271 0.106)
(0.0057699 0.000173125 0.106)
(0.00673155 0.000201979 0.106)
(0.0076932 0.000230833 0.106)
(0.00865485 0.000259687 0.106)
(0.0096165 0.000288542 0.106)
(0.0105781 0.000317396 0.106)
(0.0115398 0.00034625 0.106)
(0.0125015 0.000375104 0.106)
(0.0134631 0.000403958 0.106)
(0.0144248 0.000432812 0.106)
(0.0153864 0.000461667 0.106)
(0.016348 0.000490521 0.106)
(0.0173097 0.000519375 0.106)
(0.0182713 0.000548229 0.106)
(0.019233 0.000577083 0.106)
(0.0201947 0.000605938 0.106)
(0.0211563 0.000634792 0.106)
(0.022118 0.000663646 0.106)
(0.0230796 0.0006925 0.106)
(0 0 0.107)
(0.00096165 -2.88542e-05 0.107)
(0.0019233 -5.77083e-05 0.107)
(0.00288495 -8.65625e-05 0.107)
(0.0038466 -0.000115417 0.107)
(0.00480825 -0.000144271 0.107)
(0.0057699 -0.000173125 0.107)
(0.00673155 -0.000201979 0.107)
(0.0076932 -0.000230833 0.107)
(0.00865485 -0.000259687 0.107)
(0.0096165 -0.000288542 0.107)
(0.0105781 -0.000317396 0.107)
(0.0115398 -0.00034625 0.107)
(0.0125015 -0.000375104 0.107)
(0.0134631 -0.000403958 0.107)
(0.0144248 -0.000432812 0.107)
(0.0153864 -0.000461667 0.107)
(0.016348 -0.000490521 0.107)
(0.0173097 -0.000519375 0.107)
(0.0182713 -0.000548229 0.107)
(0.019233 -0.000577083 0.107)
(0.0201947 -0.000605938 0.107)
(0.0211563 -0.000634792 0.107)
(0.022118 -0.000663646 0.107)
(0.0230796 -0.0006925 0.107)
(0.00096165 2.88542e-05 0.107)
(0.0019233 5.77083e-05 0.107)
(0.00288495 8.65625e-05 0.107)
(0.0038466 0.000115417 0.107)
(0.00480825 0.000144271 0.107)
(0.0057699 0.000173125 0.107)
(0.00673155 0.000201979 0.107)
(0.0076932 0.000230833 0.107)
(0.00865485 0.000259687 0.107)
(0.0096165 0.000288542 0.107)
(0.0105781 0.000317396 0.107)
(0.0115398 0.00034625 0.107)
(0.0125015 0.000375104 0.107)
(0.0134631 0.000403958 0.107)
(0.0144248 0.000432812 0.107)
(0.0153864 0.000461667 0.107)
(0.016348 0.000490521 0.107)
(0.0173097 0.000519375 0.107)
(0.0182713 0.000548229 0.107)
(0.019233 0.000577083 0.107)
(0.0201947 0.000605938 0.107)
(0.0211563 0.000634792 0.107)
(0.022118 0.000663646 0.107)
(0.0230796 0.0006925 0.107)
(0 0 0.108)
(0.00096165 -2.88542e-05 0.108)
(0.0019233 -5.77083e-05 0.108)
(0.00288495 -8.65625e-05 0.108)
(0.0038466 -0.000115417 0.108)
(0.00480825 -0.000144271 0.108)
(0.0057699 -0.000173125 0.108)
(0.00673155 -0.000201979 0.108)
(0.0076932 -0.000230833 0.108)
(0.00865485 -0.000259687 0.108)
(0.0096165 -0.000288542 0.108)
(0.0105781 -0.000317396 0.108)
(0.0115398 -0.00034625 0.108)
(0.0125015 -0.000375104 0.108)
(0.0134631 -0.000403958 0.108)
(0.0144248 -0.000432812 0.108)
(0.0153864 -0.000461667 0.108)
(0.016348 -0.000490521 0.108)
(0.0173097 -0.000519375 0.108)
(0.0182713 -0.000548229 0.108)
(0.019233 -0.000577083 0.108)
(0.0201947 -0.000605938 0.108)
(0.0211563 -0.000634792 0.108)
(0.022118 -0.000663646 0.108)
(0.0230796 -0.0006925 0.108)
(0.00096165 2.88542e-05 0.108)
(0.0019233 5.77083e-05 0.108)
(0.00288495 8.65625e-05 0.108)
(0.0038466 0.000115417 0.108)
(0.00480825 0.000144271 0.108)
(0.0057699 0.000173125 0.108)
(0.00673155 0.000201979 0.108)
(0.0076932 0.000230833 0.108)
(0.00865485 0.000259687 0.108)
(0.0096165 0.000288542 0.108)
(0.0105781 0.000317396 0.108)
(0.0115398 0.00034625 0.108)
(0.0125015 0.000375104 0.108)
(0.0134631 0.000403958 0.108)
(0.0144248 0.000432812 0.108)
(0.0153864 0.000461667 0.108)
(0.016348 0.000490521 0.108)
(0.0173097 0.000519375 0.108)
(0.0182713 0.000548229 0.108)
(0.019233 0.000577083 0.108)
(0.0201947 0.000605938 0.108)
(0.0211563 0.000634792 0.108)
(0.022118 0.000663646 0.108)
(0.0230796 0.0006925 0.108)
(0 0 0.109)
(0.00096165 -2.88542e-05 0.109)
(0.0019233 -5.77083e-05 0.109)
(0.00288495 -8.65625e-05 0.109)
(0.0038466 -0.000115417 0.109)
(0.00480825 -0.000144271 0.109)
(0.0057699 -0.000173125 0.109)
(0.00673155 -0.000201979 0.109)
(0.0076932 -0.000230833 0.109)
(0.00865485 -0.000259687 0.109)
(0.0096165 -0.000288542 0.109)
(0.0105781 -0.000317396 0.109)
(0.0115398 -0.00034625 0.109)
(0.0125015 -0.000375104 0.109)
(0.0134631 -0.000403958 0.109)
(0.0144248 -0.000432812 0.109)
(0.0153864 -0.000461667 0.109)
(0.016348 -0.000490521 0.109)
(0.0173097 -0.000519375 0.109)
(0.0182713 -0.000548229 0.109)
(0.019233 -0.000577083 0.109)
(0.0201947 -0.000605938 0.109)
(0.0211563 -0.000634792 0.109)
(0.022118 -0.000663646 0.109)
(0.0230796 -0.0006925 0.109)
(0.00096165 2.88542e-05 0.109)
(0.0019233 5.77083e-05 0.109)
(0.00288495 8.65625e-05 0.109)
(0.0038466 0.000115417 0.109)
(0.00480825 0.000144271 0.109)
(0.0057699 0.000173125 0.109)
(0.00673155 0.000201979 0.109)
(0.0076932 0.000230833 0.109)
(0.00865485 0.000259687 0.109)
(0.0096165 0.000288542 0.109)
(0.0105781 0.000317396 0.109)
(0.0115398 0.00034625 0.109)
(0.0125015 0.000375104 0.109)
(0.0134631 0.000403958 0.109)
(0.0144248 0.000432812 0.109)
(0.0153864 0.000461667 0.109)
(0.016348 0.000490521 0.109)
(0.0173097 0.000519375 0.109)
(0.0182713 0.000548229 0.109)
(0.019233 0.000577083 0.109)
(0.0201947 0.000605938 0.109)
(0.0211563 0.000634792 0.109)
(0.022118 0.000663646 0.109)
(0.0230796 0.0006925 0.109)
(0 0 0.11)
(0.00096165 -2.88542e-05 0.11)
(0.0019233 -5.77083e-05 0.11)
(0.00288495 -8.65625e-05 0.11)
(0.0038466 -0.000115417 0.11)
(0.00480825 -0.000144271 0.11)
(0.0057699 -0.000173125 0.11)
(0.00673155 -0.000201979 0.11)
(0.0076932 -0.000230833 0.11)
(0.00865485 -0.000259687 0.11)
(0.0096165 -0.000288542 0.11)
(0.0105781 -0.000317396 0.11)
(0.0115398 -0.00034625 0.11)
(0.0125015 -0.000375104 0.11)
(0.0134631 -0.000403958 0.11)
(0.0144248 -0.000432812 0.11)
(0.0153864 -0.000461667 0.11)
(0.016348 -0.000490521 0.11)
(0.0173097 -0.000519375 0.11)
(0.0182713 -0.000548229 0.11)
(0.019233 -0.000577083 0.11)
(0.0201947 -0.000605938 0.11)
(0.0211563 -0.000634792 0.11)
(0.022118 -0.000663646 0.11)
(0.0230796 -0.0006925 0.11)
(0.00096165 2.88542e-05 0.11)
(0.0019233 5.77083e-05 0.11)
(0.00288495 8.65625e-05 0.11)
(0.0038466 0.000115417 0.11)
(0.00480825 0.000144271 0.11)
(0.0057699 0.000173125 0.11)
(0.00673155 0.000201979 0.11)
(0.0076932 0.000230833 0.11)
(0.00865485 0.000259687 0.11)
(0.0096165 0.000288542 0.11)
(0.0105781 0.000317396 0.11)
(0.0115398 0.00034625 0.11)
(0.0125015 0.000375104 0.11)
(0.0134631 0.000403958 0.11)
(0.0144248 0.000432812 0.11)
(0.0153864 0.000461667 0.11)
(0.016348 0.000490521 0.11)
(0.0173097 0.000519375 0.11)
(0.0182713 0.000548229 0.11)
(0.019233 0.000577083 0.11)
(0.0201947 0.000605938 0.11)
(0.0211563 0.000634792 0.11)
(0.022118 0.000663646 0.11)
(0.0230796 0.0006925 0.11)
)


// ************************************************************************* //
