/*--------------------------------*- C++ -*----------------------------------*\
  =========                 |
  \\      /  F ield         | OpenFOAM: The Open Source CFD Toolbox
   \\    /   O peration     | Website:  https://openfoam.org
    \\  /    A nd           | Version:  8
     \\/     M anipulation  |
\*---------------------------------------------------------------------------*/
FoamFile
{
    version     2.0;
    format      ascii;
    class       labelList;
    note        "nPoints: 5439 nCells: 2640 nFaces: 10584 nInternalFaces: 5146";
    location    "constant/polyMesh";
    object      neighbour;
}
// * * * * * * * * * * * * * * * * * * * * * * * * * * * * * * * * * * * * * //


5146
(
1
24
2
25
3
26
4
27
5
28
6
29
7
30
8
31
9
32
10
33
11
34
12
35
13
36
14
37
15
38
16
39
17
40
18
41
19
42
20
43
21
44
22
45
23
46
47
25
48
26
49
27
50
28
51
29
52
30
53
31
54
32
55
33
56
34
57
35
58
36
59
37
60
38
61
39
62
40
63
41
64
42
65
43
66
44
67
45
68
46
69
47
70
71
49
72
50
73
51
74
52
75
53
76
54
77
55
78
56
79
57
80
58
81
59
82
60
83
61
84
62
85
63
86
64
87
65
88
66
89
67
90
68
91
69
92
70
93
71
94
95
73
96
74
97
75
98
76
99
77
100
78
101
79
102
80
103
81
104
82
105
83
106
84
107
85
108
86
109
87
110
88
111
89
112
90
113
91
114
92
115
93
116
94
117
95
118
119
97
120
98
121
99
122
100
123
101
124
102
125
103
126
104
127
105
128
106
129
107
130
108
131
109
132
110
133
111
134
112
135
113
136
114
137
115
138
116
139
117
140
118
141
119
142
143
121
144
122
145
123
146
124
147
125
148
126
149
127
150
128
151
129
152
130
153
131
154
132
155
133
156
134
157
135
158
136
159
137
160
138
161
139
162
140
163
141
164
142
165
143
166
167
145
168
146
169
147
170
148
171
149
172
150
173
151
174
152
175
153
176
154
177
155
178
156
179
157
180
158
181
159
182
160
183
161
184
162
185
163
186
164
187
165
188
166
189
167
190
191
169
192
170
193
171
194
172
195
173
196
174
197
175
198
176
199
177
200
178
201
179
202
180
203
181
204
182
205
183
206
184
207
185
208
186
209
187
210
188
211
189
212
190
213
191
214
215
193
216
194
217
195
218
196
219
197
220
198
221
199
222
200
223
201
224
202
225
203
226
204
227
205
228
206
229
207
230
208
231
209
232
210
233
211
234
212
235
213
236
214
237
215
238
239
217
240
218
241
219
242
220
243
221
244
222
245
223
246
224
247
225
248
226
249
227
250
228
251
229
252
230
253
231
254
232
255
233
256
234
257
235
258
236
259
237
260
238
261
239
262
263
241
264
242
265
243
266
244
267
245
268
246
269
247
270
248
271
249
272
250
273
251
274
252
275
253
276
254
277
255
278
256
279
257
280
258
281
259
282
260
283
261
284
262
285
263
286
287
265
288
266
289
267
290
268
291
269
292
270
293
271
294
272
295
273
296
274
297
275
298
276
299
277
300
278
301
279
302
280
303
281
304
282
305
283
306
284
307
285
308
286
309
287
310
311
289
312
290
313
291
314
292
315
293
316
294
317
295
318
296
319
297
320
298
321
299
322
300
323
301
324
302
325
303
326
304
327
305
328
306
329
307
330
308
331
309
332
310
333
311
334
335
313
336
314
337
315
338
316
339
317
340
318
341
319
342
320
343
321
344
322
345
323
346
324
347
325
348
326
349
327
350
328
351
329
352
330
353
331
354
332
355
333
356
334
357
335
358
359
337
360
338
361
339
362
340
363
341
364
342
365
343
366
344
367
345
368
346
369
347
370
348
371
349
372
350
373
351
374
352
375
353
376
354
377
355
378
356
379
357
380
358
381
359
382
383
361
384
362
385
363
386
364
387
365
388
366
389
367
390
368
391
369
392
370
393
371
394
372
395
373
396
374
397
375
398
376
399
377
400
378
401
379
402
380
403
381
404
382
405
383
406
407
385
408
386
409
387
410
388
411
389
412
390
413
391
414
392
415
393
416
394
417
395
418
396
419
397
420
398
421
399
422
400
423
401
424
402
425
403
426
404
427
405
428
406
429
407
430
431
409
432
410
433
411
434
412
435
413
436
414
437
415
438
416
439
417
440
418
441
419
442
420
443
421
444
422
445
423
446
424
447
425
448
426
449
427
450
428
451
429
452
430
453
431
454
455
433
456
434
457
435
458
436
459
437
460
438
461
439
462
440
463
441
464
442
465
443
466
444
467
445
468
446
469
447
470
448
471
449
472
450
473
451
474
452
475
453
476
454
477
455
478
479
457
480
458
481
459
482
460
483
461
484
462
485
463
486
464
487
465
488
466
489
467
490
468
491
469
492
470
493
471
494
472
495
473
496
474
497
475
498
476
499
477
500
478
501
479
502
503
481
504
482
505
483
506
484
507
485
508
486
509
487
510
488
511
489
512
490
513
491
514
492
515
493
516
494
517
495
518
496
519
497
520
498
521
499
522
500
523
501
524
502
525
503
526
527
505
528
506
529
507
530
508
531
509
532
510
533
511
534
512
535
513
536
514
537
515
538
516
539
517
540
518
541
519
542
520
543
521
544
522
545
523
546
524
547
525
548
526
549
527
550
551
529
552
530
553
531
554
532
555
533
556
534
557
535
558
536
559
537
560
538
561
539
562
540
563
541
564
542
565
543
566
544
567
545
568
546
569
547
570
548
571
549
572
550
573
551
574
575
553
576
554
577
555
578
556
579
557
580
558
581
559
582
560
583
561
584
562
585
563
586
564
587
565
588
566
589
567
590
568
591
569
592
570
593
571
594
572
595
573
596
574
597
575
598
599
577
600
578
601
579
602
580
603
581
604
582
605
583
606
584
607
585
608
586
609
587
610
588
611
589
612
590
613
591
614
592
615
593
616
594
617
595
618
596
619
597
620
598
621
599
622
623
601
624
602
625
603
626
604
627
605
628
606
629
607
630
608
631
609
632
610
633
611
634
612
635
613
636
614
637
615
638
616
639
617
640
618
641
619
642
620
643
621
644
622
645
623
646
647
625
648
626
649
627
650
628
651
629
652
630
653
631
654
632
655
633
656
634
657
635
658
636
659
637
660
638
661
639
662
640
663
641
664
642
665
643
666
644
667
645
668
646
669
647
670
671
649
672
650
673
651
674
652
675
653
676
654
677
655
678
656
679
657
680
658
681
659
682
660
683
661
684
662
685
663
686
664
687
665
688
666
689
667
690
668
691
669
692
670
693
671
694
695
673
696
674
697
675
698
676
699
677
700
678
701
679
702
680
703
681
704
682
705
683
706
684
707
685
708
686
709
687
710
688
711
689
712
690
713
691
714
692
715
693
716
694
717
695
718
719
697
720
698
721
699
722
700
723
701
724
702
725
703
726
704
727
705
728
706
729
707
730
708
731
709
732
710
733
711
734
712
735
713
736
714
737
715
738
716
739
717
740
718
741
719
742
743
721
744
722
745
723
746
724
747
725
748
726
749
727
750
728
751
729
752
730
753
731
754
732
755
733
756
734
757
735
758
736
759
737
760
738
761
739
762
740
763
741
764
742
765
743
766
767
745
768
746
769
747
770
748
771
749
772
750
773
751
774
752
775
753
776
754
777
755
778
756
779
757
780
758
781
759
782
760
783
761
784
762
785
763
786
764
787
765
788
766
789
767
790
791
769
792
770
793
771
794
772
795
773
796
774
797
775
798
776
799
777
800
778
801
779
802
780
803
781
804
782
805
783
806
784
807
785
808
786
809
787
810
788
811
789
812
790
813
791
814
815
793
816
794
817
795
818
796
819
797
820
798
821
799
822
800
823
801
824
802
825
803
826
804
827
805
828
806
829
807
830
808
831
809
832
810
833
811
834
812
835
813
836
814
837
815
838
839
817
840
818
841
819
842
820
843
821
844
822
845
823
846
824
847
825
848
826
849
827
850
828
851
829
852
830
853
831
854
832
855
833
856
834
857
835
858
836
859
837
860
838
861
839
862
863
841
864
842
865
843
866
844
867
845
868
846
869
847
870
848
871
849
872
850
873
851
874
852
875
853
876
854
877
855
878
856
879
857
880
858
881
859
882
860
883
861
884
862
885
863
886
887
865
888
866
889
867
890
868
891
869
892
870
893
871
894
872
895
873
896
874
897
875
898
876
899
877
900
878
901
879
902
880
903
881
904
882
905
883
906
884
907
885
908
886
909
887
910
911
889
912
890
913
891
914
892
915
893
916
894
917
895
918
896
919
897
920
898
921
899
922
900
923
901
924
902
925
903
926
904
927
905
928
906
929
907
930
908
931
909
932
910
933
911
934
935
913
936
914
937
915
938
916
939
917
940
918
941
919
942
920
943
921
944
922
945
923
946
924
947
925
948
926
949
927
950
928
951
929
952
930
953
931
954
932
955
933
956
934
957
935
958
959
937
960
938
961
939
962
940
963
941
964
942
965
943
966
944
967
945
968
946
969
947
970
948
971
949
972
950
973
951
974
952
975
953
976
954
977
955
978
956
979
957
980
958
981
959
982
983
961
984
962
985
963
986
964
987
965
988
966
989
967
990
968
991
969
992
970
993
971
994
972
995
973
996
974
997
975
998
976
999
977
1000
978
1001
979
1002
980
1003
981
1004
982
1005
983
1006
1007
985
1008
986
1009
987
1010
988
1011
989
1012
990
1013
991
1014
992
1015
993
1016
994
1017
995
1018
996
1019
997
1020
998
1021
999
1022
1000
1023
1001
1024
1002
1025
1003
1026
1004
1027
1005
1028
1006
1029
1007
1030
1031
1009
1032
1010
1033
1011
1034
1012
1035
1013
1036
1014
1037
1015
1038
1016
1039
1017
1040
1018
1041
1019
1042
1020
1043
1021
1044
1022
1045
1023
1046
1024
1047
1025
1048
1026
1049
1027
1050
1028
1051
1029
1052
1030
1053
1031
1054
1055
1033
1056
1034
1057
1035
1058
1036
1059
1037
1060
1038
1061
1039
1062
1040
1063
1041
1064
1042
1065
1043
1066
1044
1067
1045
1068
1046
1069
1047
1070
1048
1071
1049
1072
1050
1073
1051
1074
1052
1075
1053
1076
1054
1077
1055
1078
1079
1057
1080
1058
1081
1059
1082
1060
1083
1061
1084
1062
1085
1063
1086
1064
1087
1065
1088
1066
1089
1067
1090
1068
1091
1069
1092
1070
1093
1071
1094
1072
1095
1073
1096
1074
1097
1075
1098
1076
1099
1077
1100
1078
1101
1079
1102
1103
1081
1104
1082
1105
1083
1106
1084
1107
1085
1108
1086
1109
1087
1110
1088
1111
1089
1112
1090
1113
1091
1114
1092
1115
1093
1116
1094
1117
1095
1118
1096
1119
1097
1120
1098
1121
1099
1122
1100
1123
1101
1124
1102
1125
1103
1126
1127
1105
1128
1106
1129
1107
1130
1108
1131
1109
1132
1110
1133
1111
1134
1112
1135
1113
1136
1114
1137
1115
1138
1116
1139
1117
1140
1118
1141
1119
1142
1120
1143
1121
1144
1122
1145
1123
1146
1124
1147
1125
1148
1126
1149
1127
1150
1151
1129
1152
1130
1153
1131
1154
1132
1155
1133
1156
1134
1157
1135
1158
1136
1159
1137
1160
1138
1161
1139
1162
1140
1163
1141
1164
1142
1165
1143
1166
1144
1167
1145
1168
1146
1169
1147
1170
1148
1171
1149
1172
1150
1173
1151
1174
1175
1153
1176
1154
1177
1155
1178
1156
1179
1157
1180
1158
1181
1159
1182
1160
1183
1161
1184
1162
1185
1163
1186
1164
1187
1165
1188
1166
1189
1167
1190
1168
1191
1169
1192
1170
1193
1171
1194
1172
1195
1173
1196
1174
1197
1175
1198
1199
1177
1200
1178
1201
1179
1202
1180
1203
1181
1204
1182
1205
1183
1206
1184
1207
1185
1208
1186
1209
1187
1210
1188
1211
1189
1212
1190
1213
1191
1214
1192
1215
1193
1216
1194
1217
1195
1218
1196
1219
1197
1220
1198
1221
1199
1222
1223
1201
1224
1202
1225
1203
1226
1204
1227
1205
1228
1206
1229
1207
1230
1208
1231
1209
1232
1210
1233
1211
1234
1212
1235
1213
1236
1214
1237
1215
1238
1216
1239
1217
1240
1218
1241
1219
1242
1220
1243
1221
1244
1222
1245
1223
1246
1247
1225
1248
1226
1249
1227
1250
1228
1251
1229
1252
1230
1253
1231
1254
1232
1255
1233
1256
1234
1257
1235
1258
1236
1259
1237
1260
1238
1261
1239
1262
1240
1263
1241
1264
1242
1265
1243
1266
1244
1267
1245
1268
1246
1269
1247
1270
1271
1249
1272
1250
1273
1251
1274
1252
1275
1253
1276
1254
1277
1255
1278
1256
1279
1257
1280
1258
1281
1259
1282
1260
1283
1261
1284
1262
1285
1263
1286
1264
1287
1265
1288
1266
1289
1267
1290
1268
1291
1269
1292
1270
1293
1271
1294
1295
1273
1296
1274
1297
1275
1298
1276
1299
1277
1300
1278
1301
1279
1302
1280
1303
1281
1304
1282
1305
1283
1306
1284
1307
1285
1308
1286
1309
1287
1310
1288
1311
1289
1312
1290
1313
1291
1314
1292
1315
1293
1316
1294
1317
1295
1318
1319
1297
1320
1298
1321
1299
1322
1300
1323
1301
1324
1302
1325
1303
1326
1304
1327
1305
1328
1306
1329
1307
1330
1308
1331
1309
1332
1310
1333
1311
1334
1312
1335
1313
1336
1314
1337
1315
1338
1316
1339
1317
1340
1318
1341
1319
1342
1343
1321
1344
1322
1345
1323
1346
1324
1347
1325
1348
1326
1349
1327
1350
1328
1351
1329
1352
1330
1353
1331
1354
1332
1355
1333
1356
1334
1357
1335
1358
1336
1359
1337
1360
1338
1361
1339
1362
1340
1363
1341
1364
1342
1365
1343
1366
1367
1345
1368
1346
1369
1347
1370
1348
1371
1349
1372
1350
1373
1351
1374
1352
1375
1353
1376
1354
1377
1355
1378
1356
1379
1357
1380
1358
1381
1359
1382
1360
1383
1361
1384
1362
1385
1363
1386
1364
1387
1365
1388
1366
1389
1367
1390
1391
1369
1392
1370
1393
1371
1394
1372
1395
1373
1396
1374
1397
1375
1398
1376
1399
1377
1400
1378
1401
1379
1402
1380
1403
1381
1404
1382
1405
1383
1406
1384
1407
1385
1408
1386
1409
1387
1410
1388
1411
1389
1412
1390
1413
1391
1414
1415
1393
1416
1394
1417
1395
1418
1396
1419
1397
1420
1398
1421
1399
1422
1400
1423
1401
1424
1402
1425
1403
1426
1404
1427
1405
1428
1406
1429
1407
1430
1408
1431
1409
1432
1410
1433
1411
1434
1412
1435
1413
1436
1414
1437
1415
1438
1439
1417
1440
1418
1441
1419
1442
1420
1443
1421
1444
1422
1445
1423
1446
1424
1447
1425
1448
1426
1449
1427
1450
1428
1451
1429
1452
1430
1453
1431
1454
1432
1455
1433
1456
1434
1457
1435
1458
1436
1459
1437
1460
1438
1461
1439
1462
1463
1441
1464
1442
1465
1443
1466
1444
1467
1445
1468
1446
1469
1447
1470
1448
1471
1449
1472
1450
1473
1451
1474
1452
1475
1453
1476
1454
1477
1455
1478
1456
1479
1457
1480
1458
1481
1459
1482
1460
1483
1461
1484
1462
1485
1463
1486
1487
1465
1488
1466
1489
1467
1490
1468
1491
1469
1492
1470
1493
1471
1494
1472
1495
1473
1496
1474
1497
1475
1498
1476
1499
1477
1500
1478
1501
1479
1502
1480
1503
1481
1504
1482
1505
1483
1506
1484
1507
1485
1508
1486
1509
1487
1510
1511
1489
1512
1490
1513
1491
1514
1492
1515
1493
1516
1494
1517
1495
1518
1496
1519
1497
1520
1498
1521
1499
1522
1500
1523
1501
1524
1502
1525
1503
1526
1504
1527
1505
1528
1506
1529
1507
1530
1508
1531
1509
1532
1510
1533
1511
1534
1535
1513
1536
1514
1537
1515
1538
1516
1539
1517
1540
1518
1541
1519
1542
1520
1543
1521
1544
1522
1545
1523
1546
1524
1547
1525
1548
1526
1549
1527
1550
1528
1551
1529
1552
1530
1553
1531
1554
1532
1555
1533
1556
1534
1557
1535
1558
1559
1537
1560
1538
1561
1539
1562
1540
1563
1541
1564
1542
1565
1543
1566
1544
1567
1545
1568
1546
1569
1547
1570
1548
1571
1549
1572
1550
1573
1551
1574
1552
1575
1553
1576
1554
1577
1555
1578
1556
1579
1557
1580
1558
1581
1559
1582
1583
1561
1584
1562
1585
1563
1586
1564
1587
1565
1588
1566
1589
1567
1590
1568
1591
1569
1592
1570
1593
1571
1594
1572
1595
1573
1596
1574
1597
1575
1598
1576
1599
1577
1600
1578
1601
1579
1602
1580
1603
1581
1604
1582
1605
1583
1606
1607
1585
1608
1586
1609
1587
1610
1588
1611
1589
1612
1590
1613
1591
1614
1592
1615
1593
1616
1594
1617
1595
1618
1596
1619
1597
1620
1598
1621
1599
1622
1600
1623
1601
1624
1602
1625
1603
1626
1604
1627
1605
1628
1606
1629
1607
1630
1631
1609
1632
1610
1633
1611
1634
1612
1635
1613
1636
1614
1637
1615
1638
1616
1639
1617
1640
1618
1641
1619
1642
1620
1643
1621
1644
1622
1645
1623
1646
1624
1647
1625
1648
1626
1649
1627
1650
1628
1651
1629
1652
1630
1653
1631
1654
1655
1633
1656
1634
1657
1635
1658
1636
1659
1637
1660
1638
1661
1639
1662
1640
1663
1641
1664
1642
1665
1643
1666
1644
1667
1645
1668
1646
1669
1647
1670
1648
1671
1649
1672
1650
1673
1651
1674
1652
1675
1653
1676
1654
1677
1655
1678
1679
1657
1680
1658
1681
1659
1682
1660
1683
1661
1684
1662
1685
1663
1686
1664
1687
1665
1688
1666
1689
1667
1690
1668
1691
1669
1692
1670
1693
1671
1694
1672
1695
1673
1696
1674
1697
1675
1698
1676
1699
1677
1700
1678
1701
1679
1702
1703
1681
1704
1682
1705
1683
1706
1684
1707
1685
1708
1686
1709
1687
1710
1688
1711
1689
1712
1690
1713
1691
1714
1692
1715
1693
1716
1694
1717
1695
1718
1696
1719
1697
1720
1698
1721
1699
1722
1700
1723
1701
1724
1702
1725
1703
1726
1727
1705
1728
1706
1729
1707
1730
1708
1731
1709
1732
1710
1733
1711
1734
1712
1735
1713
1736
1714
1737
1715
1738
1716
1739
1717
1740
1718
1741
1719
1742
1720
1743
1721
1744
1722
1745
1723
1746
1724
1747
1725
1748
1726
1749
1727
1750
1751
1729
1752
1730
1753
1731
1754
1732
1755
1733
1756
1734
1757
1735
1758
1736
1759
1737
1760
1738
1761
1739
1762
1740
1763
1741
1764
1742
1765
1743
1766
1744
1767
1745
1768
1746
1769
1747
1770
1748
1771
1749
1772
1750
1773
1751
1774
1775
1753
1776
1754
1777
1755
1778
1756
1779
1757
1780
1758
1781
1759
1782
1760
1783
1761
1784
1762
1785
1763
1786
1764
1787
1765
1788
1766
1789
1767
1790
1768
1791
1769
1792
1770
1793
1771
1794
1772
1795
1773
1796
1774
1797
1775
1798
1799
1777
1800
1778
1801
1779
1802
1780
1803
1781
1804
1782
1805
1783
1806
1784
1807
1785
1808
1786
1809
1787
1810
1788
1811
1789
1812
1790
1813
1791
1814
1792
1815
1793
1816
1794
1817
1795
1818
1796
1819
1797
1820
1798
1821
1799
1822
1823
1801
1824
1802
1825
1803
1826
1804
1827
1805
1828
1806
1829
1807
1830
1808
1831
1809
1832
1810
1833
1811
1834
1812
1835
1813
1836
1814
1837
1815
1838
1816
1839
1817
1840
1818
1841
1819
1842
1820
1843
1821
1844
1822
1845
1823
1846
1847
1825
1848
1826
1849
1827
1850
1828
1851
1829
1852
1830
1853
1831
1854
1832
1855
1833
1856
1834
1857
1835
1858
1836
1859
1837
1860
1838
1861
1839
1862
1840
1863
1841
1864
1842
1865
1843
1866
1844
1867
1845
1868
1846
1869
1847
1870
1871
1849
1872
1850
1873
1851
1874
1852
1875
1853
1876
1854
1877
1855
1878
1856
1879
1857
1880
1858
1881
1859
1882
1860
1883
1861
1884
1862
1885
1863
1886
1864
1887
1865
1888
1866
1889
1867
1890
1868
1891
1869
1892
1870
1893
1871
1894
1895
1873
1896
1874
1897
1875
1898
1876
1899
1877
1900
1878
1901
1879
1902
1880
1903
1881
1904
1882
1905
1883
1906
1884
1907
1885
1908
1886
1909
1887
1910
1888
1911
1889
1912
1890
1913
1891
1914
1892
1915
1893
1916
1894
1917
1895
1918
1919
1897
1920
1898
1921
1899
1922
1900
1923
1901
1924
1902
1925
1903
1926
1904
1927
1905
1928
1906
1929
1907
1930
1908
1931
1909
1932
1910
1933
1911
1934
1912
1935
1913
1936
1914
1937
1915
1938
1916
1939
1917
1940
1918
1941
1919
1942
1943
1921
1944
1922
1945
1923
1946
1924
1947
1925
1948
1926
1949
1927
1950
1928
1951
1929
1952
1930
1953
1931
1954
1932
1955
1933
1956
1934
1957
1935
1958
1936
1959
1937
1960
1938
1961
1939
1962
1940
1963
1941
1964
1942
1965
1943
1966
1967
1945
1968
1946
1969
1947
1970
1948
1971
1949
1972
1950
1973
1951
1974
1952
1975
1953
1976
1954
1977
1955
1978
1956
1979
1957
1980
1958
1981
1959
1982
1960
1983
1961
1984
1962
1985
1963
1986
1964
1987
1965
1988
1966
1989
1967
1990
1991
1969
1992
1970
1993
1971
1994
1972
1995
1973
1996
1974
1997
1975
1998
1976
1999
1977
2000
1978
2001
1979
2002
1980
2003
1981
2004
1982
2005
1983
2006
1984
2007
1985
2008
1986
2009
1987
2010
1988
2011
1989
2012
1990
2013
1991
2014
2015
1993
2016
1994
2017
1995
2018
1996
2019
1997
2020
1998
2021
1999
2022
2000
2023
2001
2024
2002
2025
2003
2026
2004
2027
2005
2028
2006
2029
2007
2030
2008
2031
2009
2032
2010
2033
2011
2034
2012
2035
2013
2036
2014
2037
2015
2038
2039
2017
2040
2018
2041
2019
2042
2020
2043
2021
2044
2022
2045
2023
2046
2024
2047
2025
2048
2026
2049
2027
2050
2028
2051
2029
2052
2030
2053
2031
2054
2032
2055
2033
2056
2034
2057
2035
2058
2036
2059
2037
2060
2038
2061
2039
2062
2063
2041
2064
2042
2065
2043
2066
2044
2067
2045
2068
2046
2069
2047
2070
2048
2071
2049
2072
2050
2073
2051
2074
2052
2075
2053
2076
2054
2077
2055
2078
2056
2079
2057
2080
2058
2081
2059
2082
2060
2083
2061
2084
2062
2085
2063
2086
2087
2065
2088
2066
2089
2067
2090
2068
2091
2069
2092
2070
2093
2071
2094
2072
2095
2073
2096
2074
2097
2075
2098
2076
2099
2077
2100
2078
2101
2079
2102
2080
2103
2081
2104
2082
2105
2083
2106
2084
2107
2085
2108
2086
2109
2087
2110
2111
2089
2112
2090
2113
2091
2114
2092
2115
2093
2116
2094
2117
2095
2118
2096
2119
2097
2120
2098
2121
2099
2122
2100
2123
2101
2124
2102
2125
2103
2126
2104
2127
2105
2128
2106
2129
2107
2130
2108
2131
2109
2132
2110
2133
2111
2134
2135
2113
2136
2114
2137
2115
2138
2116
2139
2117
2140
2118
2141
2119
2142
2120
2143
2121
2144
2122
2145
2123
2146
2124
2147
2125
2148
2126
2149
2127
2150
2128
2151
2129
2152
2130
2153
2131
2154
2132
2155
2133
2156
2134
2157
2135
2158
2159
2137
2160
2138
2161
2139
2162
2140
2163
2141
2164
2142
2165
2143
2166
2144
2167
2145
2168
2146
2169
2147
2170
2148
2171
2149
2172
2150
2173
2151
2174
2152
2175
2153
2176
2154
2177
2155
2178
2156
2179
2157
2180
2158
2181
2159
2182
2183
2161
2184
2162
2185
2163
2186
2164
2187
2165
2188
2166
2189
2167
2190
2168
2191
2169
2192
2170
2193
2171
2194
2172
2195
2173
2196
2174
2197
2175
2198
2176
2199
2177
2200
2178
2201
2179
2202
2180
2203
2181
2204
2182
2205
2183
2206
2207
2185
2208
2186
2209
2187
2210
2188
2211
2189
2212
2190
2213
2191
2214
2192
2215
2193
2216
2194
2217
2195
2218
2196
2219
2197
2220
2198
2221
2199
2222
2200
2223
2201
2224
2202
2225
2203
2226
2204
2227
2205
2228
2206
2229
2207
2230
2231
2209
2232
2210
2233
2211
2234
2212
2235
2213
2236
2214
2237
2215
2238
2216
2239
2217
2240
2218
2241
2219
2242
2220
2243
2221
2244
2222
2245
2223
2246
2224
2247
2225
2248
2226
2249
2227
2250
2228
2251
2229
2252
2230
2253
2231
2254
2255
2233
2256
2234
2257
2235
2258
2236
2259
2237
2260
2238
2261
2239
2262
2240
2263
2241
2264
2242
2265
2243
2266
2244
2267
2245
2268
2246
2269
2247
2270
2248
2271
2249
2272
2250
2273
2251
2274
2252
2275
2253
2276
2254
2277
2255
2278
2279
2257
2280
2258
2281
2259
2282
2260
2283
2261
2284
2262
2285
2263
2286
2264
2287
2265
2288
2266
2289
2267
2290
2268
2291
2269
2292
2270
2293
2271
2294
2272
2295
2273
2296
2274
2297
2275
2298
2276
2299
2277
2300
2278
2301
2279
2302
2303
2281
2304
2282
2305
2283
2306
2284
2307
2285
2308
2286
2309
2287
2310
2288
2311
2289
2312
2290
2313
2291
2314
2292
2315
2293
2316
2294
2317
2295
2318
2296
2319
2297
2320
2298
2321
2299
2322
2300
2323
2301
2324
2302
2325
2303
2326
2327
2305
2328
2306
2329
2307
2330
2308
2331
2309
2332
2310
2333
2311
2334
2312
2335
2313
2336
2314
2337
2315
2338
2316
2339
2317
2340
2318
2341
2319
2342
2320
2343
2321
2344
2322
2345
2323
2346
2324
2347
2325
2348
2326
2349
2327
2350
2351
2329
2352
2330
2353
2331
2354
2332
2355
2333
2356
2334
2357
2335
2358
2336
2359
2337
2360
2338
2361
2339
2362
2340
2363
2341
2364
2342
2365
2343
2366
2344
2367
2345
2368
2346
2369
2347
2370
2348
2371
2349
2372
2350
2373
2351
2374
2375
2353
2376
2354
2377
2355
2378
2356
2379
2357
2380
2358
2381
2359
2382
2360
2383
2361
2384
2362
2385
2363
2386
2364
2387
2365
2388
2366
2389
2367
2390
2368
2391
2369
2392
2370
2393
2371
2394
2372
2395
2373
2396
2374
2397
2375
2398
2399
2377
2400
2378
2401
2379
2402
2380
2403
2381
2404
2382
2405
2383
2406
2384
2407
2385
2408
2386
2409
2387
2410
2388
2411
2389
2412
2390
2413
2391
2414
2392
2415
2393
2416
2394
2417
2395
2418
2396
2419
2397
2420
2398
2421
2399
2422
2423
2401
2424
2402
2425
2403
2426
2404
2427
2405
2428
2406
2429
2407
2430
2408
2431
2409
2432
2410
2433
2411
2434
2412
2435
2413
2436
2414
2437
2415
2438
2416
2439
2417
2440
2418
2441
2419
2442
2420
2443
2421
2444
2422
2445
2423
2446
2447
2425
2448
2426
2449
2427
2450
2428
2451
2429
2452
2430
2453
2431
2454
2432
2455
2433
2456
2434
2457
2435
2458
2436
2459
2437
2460
2438
2461
2439
2462
2440
2463
2441
2464
2442
2465
2443
2466
2444
2467
2445
2468
2446
2469
2447
2470
2471
2449
2472
2450
2473
2451
2474
2452
2475
2453
2476
2454
2477
2455
2478
2456
2479
2457
2480
2458
2481
2459
2482
2460
2483
2461
2484
2462
2485
2463
2486
2464
2487
2465
2488
2466
2489
2467
2490
2468
2491
2469
2492
2470
2493
2471
2494
2495
2473
2496
2474
2497
2475
2498
2476
2499
2477
2500
2478
2501
2479
2502
2480
2503
2481
2504
2482
2505
2483
2506
2484
2507
2485
2508
2486
2509
2487
2510
2488
2511
2489
2512
2490
2513
2491
2514
2492
2515
2493
2516
2494
2517
2495
2518
2519
2497
2520
2498
2521
2499
2522
2500
2523
2501
2524
2502
2525
2503
2526
2504
2527
2505
2528
2506
2529
2507
2530
2508
2531
2509
2532
2510
2533
2511
2534
2512
2535
2513
2536
2514
2537
2515
2538
2516
2539
2517
2540
2518
2541
2519
2542
2543
2521
2544
2522
2545
2523
2546
2524
2547
2525
2548
2526
2549
2527
2550
2528
2551
2529
2552
2530
2553
2531
2554
2532
2555
2533
2556
2534
2557
2535
2558
2536
2559
2537
2560
2538
2561
2539
2562
2540
2563
2541
2564
2542
2565
2543
2566
2567
2545
2568
2546
2569
2547
2570
2548
2571
2549
2572
2550
2573
2551
2574
2552
2575
2553
2576
2554
2577
2555
2578
2556
2579
2557
2580
2558
2581
2559
2582
2560
2583
2561
2584
2562
2585
2563
2586
2564
2587
2565
2588
2566
2589
2567
2590
2591
2569
2592
2570
2593
2571
2594
2572
2595
2573
2596
2574
2597
2575
2598
2576
2599
2577
2600
2578
2601
2579
2602
2580
2603
2581
2604
2582
2605
2583
2606
2584
2607
2585
2608
2586
2609
2587
2610
2588
2611
2589
2612
2590
2613
2591
2614
2615
2593
2616
2594
2617
2595
2618
2596
2619
2597
2620
2598
2621
2599
2622
2600
2623
2601
2624
2602
2625
2603
2626
2604
2627
2605
2628
2606
2629
2607
2630
2608
2631
2609
2632
2610
2633
2611
2634
2612
2635
2613
2636
2614
2637
2615
2638
2639
2617
2618
2619
2620
2621
2622
2623
2624
2625
2626
2627
2628
2629
2630
2631
2632
2633
2634
2635
2636
2637
2638
2639
)


// ************************************************************************* //
